0 9628 6712 7466 7231 10213 408 10610 4712 7371 4605 3161 6284 1808 10711 10800 2100 5916 9636 7759 6355 402 4000 4362 2506 10697 137 3086 
0 9628 6712 7231 10610 7466 10213 408 4712 4605 7371 10711 3161 1808 6284 10800 2100 5916 9636 7759 6355 402 4000 10697 4362 2506 137 3086 
0 9628 6712 7231 10610 7466 10213 408 4712 4605 7371 10711 3161 1808 6284 10800 2100 5916 9636 7759 6355 402 4000 10697 4362 2506 137 3086 
11 4249 9136 49 4248 9911 10 6722 7957 12311 3639 13000 12298 12299 6723 2888 4079 524 6132 3810 4110 
23 11394 6200 398 870 5856 4335 3179 6576 9574 8119 4187 6381 203 
39 202 3916 12638 8331 3723 5417 3714 5633 9402 12766 9057 907 5859 1627 105 40 4556 6557 9226 
55 5376 358 7065 2828 3536 61 9892 6613 7645 6553 7655 5301 1404 10168 3384 2694 
66 11650 7788 4768 11075 10847 1961 12951 4622 9735 8256 
80 7451 3166 12962 4616 12076 4596 3332 7971 719 
92 8241 6733 4963 7914 1684 5099 10064 
103 4755 11777 2971 12469 10705 11907 5436 6769 7601 5422 10267 11305 10678 11892 2470 
114 5424 9581 11691 3952 10541 6147 9597 618 11131 7203 3951 4808 4545 7403 4300 9025 5989 12908 2880 7455 2072 5411 9733 10215 
125 3794 727 127 3791 12169 3072 5729 5730 2489 3071 9973 7686 11998 2488 4580 3437 12410 124 3792 10550 4106 3038 4724 261 
141 11602 2382 9505 2630 2597 9506 
152 1169 7942 11331 2417 659 2954 11933 8150 12454 9541 651 9530 4129 9910 6240 11655 9481 10501 5261 4181 5855 11400 286 8792 2457 5853 12127 1989 
165 3607 6610 9191 12917 76 6619 4430 10598 8294 571 4191 1532 6849 2875 6753 12816 3054 3329 3271 2707 12764 
177 8634 5369 11068 11450 4245 6905 2861 7867 5625 4392 8538 10058 
187 1873 11779 10634 11189 9053 8897 5300 9456 3738 8292 7127 2246 4406 3457 7077 5541 
199 7777 11992 2693 109 9393 1129 11238 5554 10305 8222 12942 7961 3921 10306 10304 10303 5917 2710 5055 6327 13136 8274 10564 4961 4320 5303 10812 
214 1187 2029 13083 1226 221 219 9487 939 940 942 2512 943 2511 106 220 217 215 185 938 237 944 216 941 213 218 236 13125 732 13126 
225 11833 1225 1224 10199 5029 11408 8664 7503 9501 10397 10566 7136 5321 7135 11100 
243 8969 7194 7193 7191 7192 
253 252 1426 255 254 2809 249 1842 12789 
263 11830 5884 
275 8587 11452 3931 5907 10649 3930 12103 8586 10424 2205 
286 11400 10501 4129 9910 5855 5261 2457 8792 5853 6240 11655 9481 4181 1989 2417 1169 7942 11331 152 659 11933 2954 9530 651 9541 12127 
296 9061 2496 13021 2649 2654 
308 10178 8467 8863 5782 11134 1273 1799 3395 797 11332 7641 9595 11896 1635 8088 11432 6142 8690 1526 
320 7114 7472 7112 2909 9310 11880 11883 686 3082 11882 8410 
331 12877 1200 9054 10371 9629 7068 1797 3784 
345 2044 10532 11311 9968 10179 3732 9279 2182 9565 9415 8140 7142 7360 877 3365 3925 584 4097 3426 2110 12356 3669 
356 10715 11654 1142 9553 10158 
368 9671 625 
381 540 8986 4840 10994 10457 2678 855 491 8723 7123 10037 4991 6804 11812 7140 8501 897 
393 8014 10312 3832 12063 7372 9418 1376 786 5192 
403 1864 4721 4494 6467 5973 1459 2787 3780 9850 6756 2851 5095 2891 6949 8702 7304 10823 11509 
415 3565 3835 4719 9512 10558 
426 12444 6976 5377 
439 4183 11287 4538 4956 9774 327 4944 438 8492 585 10140 9756 10643 
452 1215 12172 9871 5664 10376 6802 11002 5446 10297 9023 4313 6443 2222 4761 9353 824 11310 11383 10170 
466 8556 12211 9103 5147 11210 6960 8661 7046 
476 2900 6801 11337 3352 6956 11162 7757 5757 1798 8462 3840 6023 4706 12512 10103 5489 5254 11748 3189 
489 6265 11431 5083 6121 
500 2737 4841 5144 1081 1639 5471 1038 3514 1978 3041 4184 2446 1392 7033 11662 9213 11802 
512 7208 3085 6281 8439 10914 3863 10938 12252 13100 11007 9782 6257 11698 3469 8875 10561 13076 473 4339 874 762 7578 5953 10716 10434 9451 11793 8086 3736 
525 5768 6991 527 526 7070 2935 7959 
536 3157 10681 10666 5683 6968 9674 3574 10081 8131 11963 471 10547 9019 10111 1788 8991 4601 1562 
548 9954 12804 10469 3269 413 4774 11124 
562 2232 4995 1280 10149 364 11585 677 5473 507 5485 
574 4324 7976 11730 8602 8383 11953 12904 7370 2989 12295 5054 12646 9885 12778 1309 5850 10233 7898 4767 7368 12625 10320 11787 8083 13169 8363 7889 
587 1202 5911 3592 12149 4213 2413 4275 2706 
598 8094 5808 9442 5145 12463 10342 155 10223 9657 2463 6232 12530 11018 
608 9902 17 8101 3862 3838 1875 12559 4659 5752 6606 5393 
620 2088 8424 3053 
631 9719 11099 12042 6112 8013 
642 4148 12208 6113 8596 7535 12567 4337 1358 7647 9441 12150 606 635 1593 5250 8678 10257 923 1221 9535 
656 2062 8249 8372 1302 12243 4881 301 3855 9039 1353 8055 11438 6859 
667 5290 10841 8450 3728 
683 682 4235 4236 4238 4234 680 685 4229 684 4233 4237 7990 4231 4230 4232 5508 7003 1685 7024 3288 7023 10072 8708 5253 10414 11082 1512 4896 7228 
693 8968 6447 11498 1463 
703 9341 8783 704 702 13010 7282 8784 12238 7280 7284 7281 9997 9658 9366 1138 5925 11526 2484 3283 
714 2007 2154 4958 2770 4096 4078 8224 10083 139 7933 8937 12593 3857 8324 8790 6940 6285 10522 7876 9928 11895 11241 1803 1163 111 2714 11101 1901 5797 
726 7934 9263 10440 3097 7341 9838 3774 4165 10869 8585 9354 11931 7639 2589 3609 
737 2790 5150 4669 10128 11514 7719 7425 12523 8041 933 8316 921 99 12002 12681 1287 3446 
747 9417 1598 3713 1615 2106 2577 8982 2116 6511 12412 2214 3449 228 
759 7494 8300 6273 2004 2600 3899 3892 2380 9457 10020 4487 3893 12715 669 4869 3201 
771 2397 3982 5470 10455 1247 6228 9101 10334 12451 4344 12029 6288 5988 6418 7237 11185 2220 10861 10048 4035 11459 11619 3672 2497 12549 4263 12914 10542 9106 
786 5192 9418 1376 8014 393 3832 12063 10312 
798 2283 1301 5191 5602 4703 12996 5966 7929 12268 8239 2507 6997 12888 12990 13003 
808 9665 10903 9231 860 11737 5895 4766 
824 3642 11978 11904 10807 11310 11383 9353 6443 4761 2222 1215 12172 9871 4313 5664 6802 10376 452 5446 10297 10170 
834 9594 7201 10264 11422 7797 5827 9006 7152 4917 7288 8852 2285 7093 5429 2750 8357 12965 9389 9726 9981 7161 5998 9142 9423 1968 
845 7229 5825 5651 12352 10651 4120 8590 10569 5906 9754 8192 8588 11274 10732 3393 4484 10019 4488 10017 2381 4489 3894 3392 7189 1622 7354 10175 10318 8483 
858 8432 3134 6401 12417 9447 5279 6227 8182 3000 12988 5238 9912 2303 12374 
870 8119 9574 4187 6381 203 3179 398 6576 4335 6200 5856 11394 23 
882 3766 422 11934 12643 3605 896 1431 1866 10459 9233 633 5724 
894 9015 6055 396 421 6605 8010 12214 10226 10815 8638 11389 501 3866 6246 4598 4468 2419 2754 4823 4306 3016 1863 174 11180 1281 1762 11765 4261 6623 
907 8544 2272 5417 3723 3916 202 9057 8331 12638 5633 9402 5859 1627 12766 39 3714 40 105 2927 4094 
918 12794 13058 5871 2149 6388 6970 2868 2288 4885 7855 2487 10740 2762 2570 5527 2187 3627 3948 12596 595 4543 12161 2469 4783 1058 1658 3569 6061 12231 
932 7014 3248 
942 2029 1187 13083 220 106 221 219 939 237 1226 217 943 215 213 216 9487 944 218 940 938 2512 941 214 2511 236 185 13125 5005 9298 
954 952 951 953 950 3150 6049 13025 13020 5142 13022 13023 13024 3578 3577 3576 13071 13016 4162 4155 12833 13069 13070 12832 710 3573 4407 
966 7534 12718 9224 7089 3531 
980 6271 9602 4727 981 
993 9538 12957 4733 8347 6556 5122 2758 12088 11915 
1004 2766 10087 4565 1179 1185 10923 1184 
1015 8476 8392 5718 12702 8122 7501 4641 12605 5458 9439 9562 12179 5102 12095 9975 12583 2375 9985 
1027 3761 844 7030 610 7496 7260 5641 865 7172 3143 10003 12940 10426 
1038 12461 2737 5144 4841 1639 1081 3514 5471 4184 3041 500 1978 2446 11662 9213 1392 7033 11802 6093 10791 3887 1152 232 2842 
1050 4340 1465 4297 2730 2056 405 2616 12036 2711 8157 65 8815 12204 4778 6599 420 2774 5612 
1061 12853 1144 6000 
1073 1420 11260 6818 1698 6761 5040 
1087 6386 4610 10810 1534 5699 8451 8697 9206 4023 4397 10231 3753 12898 7834 1487 11370 6655 7242 12388 11270 
1100 7157 5287 12273 3171 4021 10835 6077 
1114 8655 881 12282 4315 1964 3548 8293 11522 3435 9883 12035 7168 6872 1476 5351 
1128 1405 3268 7490 2131 7966 11710 7545 
1141 10487 4639 3955 1446 2049 11617 2086 5391 12499 
1154 872 6114 4431 9503 5223 11664 5024 10011 8159 1084 2652 9920 12452 8114 6081 10777 5222 334 3060 12434 
1166 98 9254 9571 8889 6267 37 857 1168 12607 7489 3861 3720 6297 10693 5113 
1178 3325 566 7236 10310 2792 2217 11344 2440 
1190 8507 1359 2966 3052 8775 6659 5125 4376 2634 12280 10095 10214 5587 9795 9974 11771 8328 2668 3879 11490 4781 12582 8878 4196 11017 
1201 11651 485 4505 7149 11014 4092 8879 5667 5869 8248 3369 
1214 1054 828 11278 9918 9919 9917 11280 7126 8729 11572 2359 11788 6508 8951 3322 6522 8177 8929 3670 10565 
1225 10199 11833 225 1224 11408 5029 8664 9501 7503 7136 10566 
1235 1234 1232 8814 7517 1239 1233 1231 12279 1237 5931 1238 1240 7519 7783 9255 4592 10343 4049 4050 10059 1236 1536 2126 4930 9676 4153 2894 5175 1354 
1248 6116 6059 12061 5564 1044 3368 1949 4938 10935 6502 12109 1014 11521 5110 5067 5968 3795 4730 4728 12466 4729 4128 
1259 5109 4625 1007 3320 10916 3870 9449 11842 8306 5909 6673 
1279 7430 6400 3457 7077 6975 7785 10449 7808 12131 11316 11658 2363 6963 4406 1873 5541 11189 7127 2246 8897 
1291 5103 3065 7949 7337 2435 4177 3590 3031 12468 697 9610 1879 7090 6513 2171 2421 2934 10413 1887 4029 
1302 301 2062 656 8249 9039 4881 12243 8372 8055 3855 1353 11438 6859 
1314 2306 2347 978 11245 306 3585 3524 2165 4377 9056 2969 6359 
1331 1975 11641 
1344 2351 1253 986 9549 1343 1137 6705 3876 11426 9179 5615 1384 662 12873 5176 7851 10840 12991 6347 13098 7083 7309 11423 5235 8033 4445 3211 678 1219 
1357 8961 12668 10096 3935 8030 11835 5688 271 7010 8381 11327 756 5111 4638 10636 2140 9230 1029 8009 7434 10972 8050 
1370 11458 3871 7212 10089 
1380 7035 4819 2893 616 2928 8776 11425 8472 7275 
1394 10189 371 3067 5887 10246 11796 7352 1290 2197 2610 12097 3155 11303 12488 7323 10951 2433 7363 4158 1006 10880 5315 6992 5588 1217 10160 10929 5558 1455 
1408 6313 9404 12710 2551 5106 10741 13085 1311 2052 1734 7794 1023 1892 2008 12229 5151 12207 817 9823 3546 3609 7181 
1418 5338 7224 11924 12861 7246 4039 
1430 11956 11957 3895 6031 4486 11955 10018 2383 4485 10016 3897 3896 3924 12737 2843 1421 3366 7178 5760 924 6321 2069 3039 12763 4595 11240 13156 42 1814 
1444 6768 1981 11271 9944 7964 9979 449 6421 4383 3297 7722 6375 
1456 401 8505 6339 7234 11732 5929 11711 4771 7364 8091 10510 120 8834 8737 657 13099 6798 8362 767 7529 9170 
1469 7465 9400 3455 8223 11300 5450 12 2114 5702 5810 11282 892 
1479 6607 10965 1988 2005 4107 10401 3511 10513 
1490 9931 2639 
1501 7036 10375 7712 2059 856 212 1319 8960 10845 5437 2395 5228 12008 11346 3475 1614 5786 4907 12012 3890 10092 11045 12810 2776 3243 8666 9884 1170 
1516 12849 9458 1795 926 3279 10892 26 4190 1135 1707 
1530 3309 11315 8872 490 735 153 4091 10949 830 5296 9890 8676 6760 5816 1787 6099 6603 12409 3802 
1544 7728 7187 9248 5903 11202 5060 5969 3618 6250 247 7650 5336 10603 12253 1197 2461 3186 
1555 7658 57 10766 8291 6085 10685 2744 3030 7625 7623 9210 6620 2027 6514 1885 4866 5100 
1569 7019 5671 5670 1423 1662 3092 9759 11496 
1580 407 537 12064 11990 6942 2896 6538 9278 11753 7079 5817 12756 8317 
1592 6457 9312 
1602 9286 9240 9285 1462 8281 12721 7143 9784 9140 10863 5193 6985 12048 6007 6535 8279 3181 9696 1781 9820 7146 9521 10002 
1612 3159 11034 9178 6145 3132 3852 2156 2212 4970 9929 4453 8597 3702 2741 8704 311 2134 5583 7342 12068 11754 990 10358 7781 11890 6816 695 12366 8022 
1622 7189 3392 4484 2381 11475 10019 4488 10017 4489 3894 7354 10651 9754 8588 3393 5906 8590 10175 10569 5651 7229 845 12352 5825 4120 10318 8483 5523 11274 
1633 2151 3843 9335 8090 5542 5208 4903 9081 3099 670 1246 7743 
1644 12058 12135 7373 8606 9145 7720 2475 7979 3754 
1654 4623 10505 2261 
1668 6087 4317 3172 274 10106 8726 3081 10925 4471 5706 6947 10347 12176 8720 12074 3298 2318 1167 4428 11043 
1681 7873 154 904 6930 5777 6590 11645 12905 11848 8232 10975 10974 6915 7283 10973 2579 10976 9839 6212 12678 8211 10795 2734 2015 2733 7199 7528 3929 701 
1691 10235 9079 2057 5652 3963 11277 4557 4308 11861 5221 5674 6042 4839 10977 12542 5758 5323 
1706 10933 2759 12687 9600 4474 6597 2226 8974 9842 867 12576 1181 10256 12535 3936 8391 11368 3149 2244 7671 6809 
1726 3005 3264 9543 5742 10496 11757 11642 9128 10856 11066 2394 376 5389 4697 2703 7891 4018 775 5390 5098 235 13122 1471 
1737 5166 9895 1738 
1750 7278 9992 3518 1065 11610 4647 5807 10325 8173 883 4657 9203 
1761 11941 3485 7588 3486 6385 7386 67 12215 8277 9686 1155 12274 
1774 6304 10174 3684 4093 9940 5770 2641 3685 5771 5769 1912 13009 1174 3993 
1784 12322 11980 1783 10778 6844 12808 11686 5755 
1799 5782 1273 8467 11134 8863 797 6142 8690 7641 9595 10178 3395 11896 8088 1635 11432 11332 
1811 3362 9783 2290 7195 9239 9976 12290 3814 2048 10065 1810 811 12175 5046 6777 
1825 1109 8508 437 7287 47 8257 1531 8332 7107 5084 996 
1843 8111 12100 12226 3354 997 6548 6067 12043 10684 6131 9273 6133 9100 11439 2 9840 6616 8727 7551 194 592 
1860 6256 2560 7245 11161 7861 694 11537 10131 9250 6103 5834 
1872 2764 5465 10406 5204 1587 6168 2076 5767 692 9153 9982 4674 11859 12240 380 5124 3378 7586 8927 2799 
1883 5876 460 325 3789 9477 5819 9960 9870 7602 9963 12952 6119 10662 5815 10802 1600 4290 6234 1632 9455 5649 5526 5219 4678 6742 1191 
1897 1304 9416 257 8309 4304 6360 2827 2881 2805 
1909 5946 5889 6559 8315 1908 614 1315 4620 9315 12448 9462 5935 1088 709 4751 8198 5134 6759 1907 3664 11010 11484 1957 6104 10708 8948 
1920 9584 10500 1570 6398 8369 11935 4648 3355 6152 6614 9269 8314 8312 4818 2137 12344 2546 4166 9139 2464 5317 2173 2719 2718 
1932 10216 2240 3519 3644 9245 982 7411 1097 10504 6110 11836 
1944 12619 4897 10889 9235 3788 7412 2111 12083 6631 12180 
1961 66 4768 7788 11075 10847 11650 12951 4622 9735 8256 
1978 11802 7033 9213 1392 5471 11662 1081 3514 5144 4841 1639 2446 3041 2737 1038 500 4184 6093 12461 232 2842 3887 1152 10791 
1993 13074 1786 4045 4046 12887 12994 1785 13041 13040 6342 13037 3401 2887 5841 5840 13008 3028 12878 4252 5965 2289 4253 
2008 1892 12229 817 12207 9823 1023 3546 7794 5151 9404 1311 1408 10741 6313 5106 2052 2551 13085 1734 12710 3609 4165 7181 
2021 8104 6036 1687 931 698 12927 1971 3078 11960 8255 12246 7475 1171 6890 2179 
2035 2037 2036 12386 12930 8954 2878 8957 8956 8955 8952 3376 8953 3934 3375 3932 3933 10001 6762 9122 8350 9491 9488 10062 8351 9490 10259 9489 
2048 811 9783 12290 7195 9239 2290 3362 1810 1811 9976 10065 3814 
2058 6832 9467 6433 7553 1223 7220 4206 6108 2638 10067 6831 2670 10650 2846 4167 7102 4160 2555 6432 12192 3575 8746 8902 1361 6056 7928 
2069 13156 6321 924 2383 7640 1814 3897 42 3924 2843 3366 1421 7178 4485 10016 12737 4486 6031 3896 3895 10018 5760 11956 1430 11957 11955 3039 12763 4595 
2081 8537 5728 2079 5731 1804 5732 2077 
2092 5560 6353 6155 12422 7909 8914 4688 6013 12936 5006 12669 2775 1504 1599 4838 9762 7628 
2107 6644 9199 
2119 10793 4284 
2132 3878 9088 8941 6833 5842 11178 11114 4394 
2147 2148 7381 7329 6379 5269 10450 3829 3343 391 3868 
2159 7541 6100 4614 7058 535 7348 10759 5751 9043 418 6202 
2171 7337 7949 2435 7090 1879 1291 4177 3590 3031 9610 697 12468 6513 10413 3065 5103 2421 2934 
2187 3627 2762 4543 3948 7855 5527 918 595 4885 2288 2487 2868 2469 12161 12596 2570 12794 10740 4783 2149 13058 5871 6388 6970 1058 6061 1658 3569 12231 
2198 10373 2765 
2212 990 4970 3702 11890 2156 3852 1612 3132 4453 8597 9929 2741 8704 10358 311 7781 2134 5583 695 12068 7342 12366 8022 6816 9849 11754 11493 2308 3159 
2224 4022 12612 8656 8657 2223 2228 9051 8406 4998 8405 8404 8408 10118 5286 4997 11187 3652 8978 6390 4477 782 3497 2227 9507 
2237 10481 8919 6088 8235 7562 7555 11520 2071 4299 9717 2604 7361 6058 4969 1449 6741 2608 11208 
2249 8710 11873 6032 6550 2889 11130 2690 140 11712 1967 7901 9267 6396 8113 10579 4409 5078 11967 11126 8712 9953 791 1884 690 5366 4399 9168 9211 3377 
2263 10384 10630 1254 4597 7463 
2274 3175 8787 4939 6490 11598 9993 6585 8263 4553 4737 7159 8265 3311 8266 205 9768 8384 
2284 2190 8908 10460 1689 6868 6715 8308 6018 2006 2558 7062 5461 3725 2432 8007 7402 6102 9094 10346 3163 4522 10728 12205 11795 11173 12326 1542 9786 12747 
2294 11805 12004 5444 11632 9365 11764 6706 181 9465 3772 10436 4799 8564 
2306 2347 1314 978 9056 11245 306 3524 6359 
2319 8465 7805 11104 
2331 1112 8630 6608 1300 
2341 10525 5568 2343 1759 2350 7073 13057 7461 4868 1051 
2352 1805 4912 1386 4047 8203 7155 4821 5898 1647 10079 2113 12030 
2363 3457 6400 1279 7077 7430 10449 6975 7808 7785 12131 11658 7127 6963 5541 1873 4406 
2376 3583 2427 4169 5386 
2386 10618 10617 6299 8012 6486 56 10616 11834 3757 
2397 3982 1247 5470 6228 771 10455 9101 10334 12451 4344 5988 12029 6288 11185 2220 10861 10048 4035 11459 11619 3672 2497 4263 12549 12914 10353 12870 10542 9106 
2411 2412 2402 9753 2291 
2426 1016 9108 10076 1411 10776 7683 4077 2564 4059 1752 10521 
2436 1378 7138 13103 13115 13162 13146 1508 13159 13167 13105 1438 5826 13082 13172 13120 13090 13121 13143 13173 
