2 91705 97175 37589 40983 47057 34360 34362 34359 34363 19108 34361 33437 
2 34359 34362 97175 33437 24421 87464 6277 
120 116 
293 289 
432 
604 22456 280 
717 3436 1247 
844 35024 
1015 1017 2879 
1173 
1301 82570 58710 91399 58709 111399 
1397 56133 15473 9054 53942 48529 
1579 
1770 33672 
1890 1891 1835 
2063 16088 16091 142 
2272 28298 21846 25233 35688 
2426 
2537 50548 50719 
2700 
2829 
2964 3105 2960 3153 
3075 
3213 
3330 37325 32833 57279 
3479 8546 
3604 
3692 3543 
3854 
3992 6737 8223 108297 1788 6787 
4148 23452 
4299 
4426 
4574 30786 62578 
4695 25484 
4895 
5081 5884 5809 73126 
5230 49317 109890 3657 
5359 5587 
5476 5990 4832 4567 5310 
5641 98197 88950 
5757 32473 29812 21334 
5909 6645 5677 11035 
6073 
6212 35625 
6370 6369 7560 7559 6371 3541 
6485 97505 81199 19277 46378 
6581 6582 40573 39219 
6757 13680 13682 29137 6755 13685 13684 
6855 6647 21099 15439 6954 111376 18541 
7006 86683 6834 97224 
7140 20659 62303 6949 4554 
7294 8628 5147 
7411 29798 42820 63146 14358 50715 13266 98678 28290 14858 
7559 7560 
7692 
